SBIN
250 260 245 255 10000
255 265 250 260 12000
260 270 255 265 15000
265 275 260 270 18000
270 280 265 275 21000
275 285 270 280 22000
280 290 275 285 23000
285 295 280 290 24000
290 300 285 295 25000
295 305 290 300 26000
TATAMOTORS
400 410 390 405 5000
405 415 400 410 5500
410 420 405 415 6000
415 425 410 420 6500
420 430 415 425 7000
425 435 420 430 7500
430 440 425 435 8000
435 445 430 440 8500
440 450 435 445 9000
445 455 440 450 9500
PNB
80 85 78 82 2000
82 87 80 84 2300
84 89 82 86 2500
86 91 84 88 2800
88 93 86 90 3100
90 95 88 92 3400
92 97 90 94 3700
94 99 92 96 4000
96 101 94 98 4300
98 103 96 100 4600
YESBANK
10 11 9 10.5 500
10.5 11.5 10 11.2 800
11.2 11.8 11 11.5 1200
11.5 12 11.2 11.8 1500
11.8 12.5 11.5 12.2 2000
12.2 12.8 12 12.5 2500
12.5 13 12.2 12.8 3000
12.8 13.5 12.5 13.2 3500
13.2 13.8 12.8 13.5 4000
13.5 14 13.2 13.8 4500
TECHM
1000 1020 990 1005 10000
1010 1030 1000 1025 12000
1025 1050 1015 1040 15000
1040 1070 1030 1065 18000
1065 1090 1055 1080 21000
1080 1110 1065 1100 24000
1100 1130 1085 1120 27000
1120 1150 1105 1140 30000
1140 1170 1125 1160 33000
1160 1190 1145 1180 36000
INFY
1500 1520 1480 1505 8000
1520 1550 1500 1540 9000
1550 1580 1520 1570 10000
1580 1620 1550 1610 12000
1620 1650 1580 1640 14000
1640 1680 1610 1665 16000
1665 1700 1640 1690 18000
1690 1720 1660 1715 20000
1715 1750 1690 1740 22000
1740 1770 1710 1765 24000
TCS
3500 3550 3450 3505 3000
3550 3600 3500 3555 4000
3600 3650 3550 3630 5000
3650 3700 3600 3675 6000
3700 3750 3650 3730 7000
3730 3780 3680 3765 8000
3765 3820 3720 3810 9000
3810 3870 3770 3865 10000
3865 3930 3830 3920 11000
3920 3990 3890 3975 12000
TITAN
2000 2020 1980 2005 4000
2020 2050 2000 2030 4500
2050 2080 2020 2070 5500
2080 2120 2050 2100 7000
2120 2150 2080 2130 8000
2130 2170 2100 2155 9000
2155 2200 2120 2190 10000
2190 2240 2160 2230 11000
2230 2280 2200 2265 12000
2265 2320 2230 2305 13000
ONGC
120 125 115 122 1500
125 130 120 128 1800
130 135 125 133 2200
135 140 130 138 2600
140 145 135 142 3000
142 148 138 146 3400
146 152 142 150 3800
150 156 146 154 4200
154 160 150 158 4600
158 164 154 162 5000
IOC
150 155 145 152 2500
155 160 150 154 3000
160 165 155 162 3500
165 170 160 168 4000
170 175 165 173 4500
173 180 170 177 5000
177 185 175 182 5500
182 190 180 187 6000
187 195 185 193 6500
193 200 190 198 7000
